gaindB dB1 12
nominalVolumedB dB1 0
minErldB dB24 10 0 -3 -1 -1 0 0 1 0 -1 -3 0 2 4 3 6 11 2 3 -1 -1 -2 11 19
maxAcom_st dB24 17 28 24 25 25 25 25 21 14 13 12 15 18 20 21 22 25 20 16 15 14 17 24 33
maxAcom_dt dB24 22 33 36 36 36 44 45 47 47 50 52 47 51 51 53 49 43 41 38 39 36 42 48 56
tailLength 24 20 80 140 120 100 140 120 140 120 160 160 140 140 160 160 160 80 80 80 80 80 80 80 80
maxDispersion 24 36 72 159 175 179 177 183 164 196 201 245 261 261 262 230 260 260 312 330 329 264 326 213 187
thrAdjacent dB1 50
thrHarmonicIndices 20 17443 17184 17184 -15584 0 0 0 0 0 0 0 0 0 0 0 0 0 0 0 0
thrHarmonic 20 -1506 -6373 -3819 -2032 0 0 0 0 0 0 0 0 0 0 0 0 0 0 0 0
smootherL0 4 16384 1024 0 256
smootherL1 4 16384 1024 0 128
targetRsupp dB1 3
maxRsupp dB1 9
options2 1 32
